29
386
418
399
21
895
632
688
584
696
955
1741
1056
1286
1521
1765
3023
1890
2024
3258
3504
3288
3406
3356
3491
3511
3535
3572
4018
4221
4506
4759
4953
61533
107925
61580
150386
107989
150472
286100
285684
498175
713117
497923
713178
713440
713761
713809
1159865
1592078
1591981
1592444
1592469
1592543
1592857
1593184
2343730
2343795
2343830
2343840
2343907
2343917
2343921
2343985
2344003
2344065
2344100
2344087
2344133
2344144
2344244
2344252
2344260
2344264
2344343
2344358
2344432
2344525
2344437
2344583
2344622
2344636
2344695
2344666
2344702
2344728
2344729
2344747
2344879
2344901
2344952
2345034
2344960
2345035
2345050
2345093
2345102
2345071
2345117
2345133
2345148
2345154
2345168
2345222
2345258
2345425
2345383
2345442
2345462
2345477
2345572
2345570
2345678
2345601
2345695
2345700
2345818
2345831
2345845
2345861
2345944
2346049
2346144
2346086
2346154
2346231
2346225
2346326
2346380
2346386
2346393
2346416
2346421
2346439
2346547
2346468
2346469
2346602
2346632
2346665
2346719
2346711
2346764
2346807
2346889
2346890
2346935
2346926
2346957
2346965
2346970
2347025
2347024
2347028
2347098
2347110
2347138
2347176
2347128
2347198
2347187
2347248
2347313
2347287
2347264
2347336
2347377
2347400
2347442
2347529
2347463
2347559
2347601
2347638
2347652
2347670
2347672
2347690
2347956
2348065
2348112
2348073
2348127
2348142
2348166
2348212
2348302
2348309
2348193
2348452
2348462
2348463
2348507
2348509
2348522
2348563
2348549
2348600
2348612
2348529
2348734
2348747
2348727
2348720
2348647
2348764
2348832
2348831
2348830
2348844
2348950
2348888
2348899
2348925
2348983
2349067
2349076
2349116
2349209
2349268
2349288
2349520
2349475
2349614
2349664
2349768
2349683
2349794
2349757
2349826
2349904
2350074
2350012
2349907
2350101
2350201
2350221
2350217
2350349
2350366
2350367
2350386
2350411
2350508
2350587
2350602
2350613
2350634
2350662
2350673
2350732
2350740
2350738
2350797
2350820
2350828
2350825
2350890
2350896
2350898
2350948
2350955
2350903
2350975
2350974
2350987
2350990
2350993
2351028
2351055
2351085
2351100
2351133
2351194
2351257
2351264
2351316
2351382
2351431
2351433
2351465
2351490
2351471
2351560
2351572
2351619
2351704
2351703
2351717
2351808
2351811
2351853
2351856
2351923
2351925
2351986
2351968
2352064
2352101
2352201
2352120
2352119
2352216
2352245
2352262
2352271
2352254
2352278
2352287
2352324
2352286
2352302
2352326
2352340
2352346
2352335
2352410
2352446
2352456
2352474
2352467
2352546
2352598
2352741
2352695
2352793
2352663
2352802
2352844
2352906
2352848
2352887
2352946
2352956
2352997
2353007
2353012
2353090
2353035
2353103
2353113
2353134
2353147
2353201
2353208
2353251
2353329
2353274
2353295
2353357
2353344
2353361
2353412
2353366
2353474
2353420
2353603
2353489
2353577
2353608
2353615
2353636
2353746
2353758
2353879
2353972
2353958
2353927
2354003
2354000
2354087
2354018
2354065
2354109
2354165
2354265
2354209
2354202
2354352
2354359
2354384
2354497
2354593
2354569
2354626
2354647
2354682
2354684
2354664
2354688
2354691
2354707
2354713
2354717
2354779
2354792
2354808
2354860
2354854
2354842
